100
3 1 4
1100
1010
0000
1000
2 4 4
1111
1111
1111
0111
1011
1101
10 10 7
0000000
1001001
1011001
0101001
0010010
0001100
0101101
1100100
0011010
1111011
0101001
0011010
1111011
1001001
0010010
0101101
1100100
0000000
1011001
0001100
10 10 9
011010100
001110100
011010101
011000100
011110100
011000101
010010000
001010100
011010000
001110100
011000101
011010100
111010100
001110100
011010101
011010000
011110100
001010100
011000100
010010000
10 7 3
100
110
100
011
011
111
111
011
001
011
111
100
001
110
101
011
000
10 10 6
001010
001011
100100
000000
110001
010100
101100
010100
000111
000100
100100
000100
000000
101010
000111
001011
001010
010100
110001
101100
1 10 8
11110101
11111010
01101101
00010100
01101100
01000010
10101101
00110100
00001110
10011000
00000111
10 10 10
0110101001
1011101000
0010011000
0111110000
0101110101
0010110101
0010110110
1001111001
1011110111
1011000000
1011101000
0010011000
1011000000
1011110111
0111110000
0010110101
0110101001
1001111001
0101110101
0010110110
1 10 10
0101110001
1001001110
0100000111
1001101010
1000101001
0101110001
1001110100
0100001111
0010010000
1111111000
1111000101
3 7 7
0100000
0001110
0110110
1001011
1101001
0110100
1100011
0000011
0000101
0011010
10 10 7
1001010
1011111
1011011
1111101
1110101
0001000
1101000
1011101
1111101
0010000
1001010
1011011
1111101
0010000
1011101
1011111
0001000
1101000
1110101
0001010
10 10 8
11010100
00000000
00101010
00010100
10010100
10110101
11011001
11000101
01101010
10000101
11010100
00010100
00000000
10010100
10110101
11011001
10000101
00101010
01101010
11000101
5 7 6
011101
000010
110100
110110
110100
101110
111100
010100
010111
011111
010101
010010
10 10 8
00001000
10001101
10100111
00110100
10111001
00110100
01100101
00100011
01000011
00101011
10001000
01000011
10001101
00101011
01100101
10111001
00001000
00100011
10100111
00110100
10 10 10
0110001001
0010001010
0101010111
0110011011
0100101111
1110100000
0110101110
1110110010
0001001000
1001111110
0101010111
0010001010
0100101111
1110110010
1110100000
0110101110
0110001001
1001111110
0001001000
0110011011
2 4 6
011001
010001
101011
111111
011001
010001
10 10 8
11111000
10111000
01001101
11001001
10111010
10111000
10011000
01001001
11111000
01011101
01001101
10111010
11011000
01111000
11111000
01001001
01011101
10111000
10011000
11001001
10 10 8
01011111
10111011
10100011
11000000
11111101
00011101
10010101
01000010
10100000
00011110
00000111
11011010
11010110
11000011
11010001
01010110
10011101
00000001
11010000
01000001
10 10 4
0011
1100
1001
1010
1100
1011
1000
1110
1010
1011
1100
0111
1011
1000
0001
0010
1001
1110
0011
1010
10 10 4
0011
0100
0101
0100
0011
0011
0011
0100
0101
0100
0111
0110
0101
1011
0010
1100
0001
0000
0100
0011
10 10 10
1010100011
1110100010
1111101101
1010100010
1010000010
0010101000
1110101101
1110100101
1110101100
1010101101
0010101000
1110101101
1110100010
1010000010
1010101101
1110100101
1110101100
1111101101
1010100011
1010100010
10 1 10
0010000010
0011100000
0100111110
1000110010
0110110000
0000111101
1100101101
1101111011
0001001010
1110011010
0101100001
10 9 6
001011
111101
101101
100000
010010
110111
100110
001011
111110
111010
010111
010100
011111
001000
100001
101010
011010
010101
110010
10 10 10
0010111111
1011011101
1010001101
0000010110
1011010100
0101111001
0110111101
1000011100
1001011011
1111001010
1000011100
1010001101
1001011011
1111001010
0000010110
1011010100
0101111001
0110111101
0010111111
1011011101
1 10 10
1100101000
0001101101
0000001101
0110111101
0111001001
1111110001
0000110000
1110011000
1001111111
1100101000
1011100011
10 3 2
11
11
01
00
10
10
10
00
00
10
01
11
00
1 10 10
1111011110
1000110110
1111011110
0111000000
0101110101
0010001011
0000100000
0101100001
1001000101
1010010110
0100001101
10 10 7
0110010
0100111
0010010
1100001
0001111
1101001
1101001
0101111
0110110
0111010
0111010
1101001
1100001
0101111
0100111
0010010
0110010
0001111
0110110
1110010
10 10 4
0011
0111
1000
0010
1000
1001
0011
0111
0001
0001
1001
0111
1111
0001
0101
0110
0010
0011
1000
1011
10 10 7
1111011
1101010
1101011
0000010
1111001
1000100
0100110
0111111
0011011
1011011
0111011
0000000
1101011
1000110
0011110
1010010
1000101
0011010
0010011
1110100
10 10 4
0111
0111
0010
0111
0111
0111
0111
0111
0111
0111
0000
0111
1101
1011
0010
0011
1010
1111
0110
0101
10 10 8
10111110
01001111
10000001
11111000
10001101
11111001
10001100
10000110
10110100
11010111
10001100
10000001
11010111
10110100
01001111
10000110
11111000
11111001
10001101
10111110
10 10 9
100000011
001101111
101010110
001111010
100101001
100110001
000101110
000101011
011001110
110101100
000101110
000101011
001111010
100110001
001101111
100000011
100101001
101010110
011001110
110101100
10 10 7
1101110
1101110
1101100
1001101
1011101
1101100
1100001
0101001
1101001
1101101
1011101
1101101
1100001
0101110
1101001
1001101
1101100
0101001
1001110
1101110
10 10 9
000001001
011011010
011011111
001100101
100101011
111110001
011010010
110011101
011101101
101010101
011011111
110011101
000001001
100101011
011010010
101010101
011011010
001100101
111110001
011101101
10 10 8
01011101
00010101
00000101
00100100
01010101
00010001
01011001
00100101
00000100
00100110
00000101
00100110
00100101
00010101
01010101
01011101
00100100
00010001
01011001
00000100
10 10 9
110010101
110100100
010110001
100110101
110110100
110110101
100111101
100111001
110110110
110110001
110110100
010110001
100111101
110110110
110010101
100111001
110110101
100110101
110110001
110100100
8 10 7
1101101
1010111
0010110
1011111
1011111
1010111
1001001
1010001
1100000
1111110
0111010
0111111
0010111
0010001
1111011
0111011
1100001
0101100
10 1 1
0
0
0
1
1
0
1
0
1
0
0
10 10 4
1011
1101
0000
0000
0011
1111
1111
1011
0100
1001
0011
0000
1100
1010
1011
0101
1101
0100
1111
1001
10 10 5
10011
10011
10011
10011
10011
10011
10011
10011
10011
10011
00011
00001
10111
00111
11011
10011
00010
10010
01011
10001
10 10 10
0101010101
1110000010
0110011100
1001100001
1000111101
0001100110
0110011111
0110101011
0110000001
0000101110
0110011111
1110000010
0101010101
0110000001
0110101011
0000101110
0001100110
1000111101
0110011100
1001100001
10 10 6
010110
100110
010010
110110
010010
010111
100011
010110
100111
110100
000110
110110
011110
110100
100011
100111
010010
010111
010110
100110
10 10 5
11101
01001
00001
00101
00101
10101
01011
01101
00001
01010
01001
00001
01011
00101
01101
01010
11111
11001
11101
10101
10 10 5
10001
11101
10001
00011
11001
11001
11101
10101
01001
00001
01101
00001
01001
10001
10101
10011
11101
00011
10000
11001
10 10 10
0010000101
1000011001
0100000001
1100011001
1000110000
1001001010
1011001111
0010100100
0100010010
1011110111
0010100100
1000011001
1011001111
0010000101
0100000001
1000110000
0100010010
1011110111
1001001010
1100011001
10 10 4
1110
1010
1110
1010
1010
1110
0110
1010
0010
0110
1110
0111
0100
0110
1111
1000
1011
1100
0010
1010
1 10 4
1100
1100
0101
0110
1110
0011
1000
1011
0010
1101
0000
10 10 4
0101
1010
0100
1010
1010
1111
0010
0011
0001
1001
0011
0111
1001
0100
1101
1010
0010
0101
1111
0001
10 10 10
1010111100
0011011111
0001110000
0101111000
1001011111
1110011010
0110100100
0010001011
1110101011
0011010001
1110101011
0110100100
1010111100
0010001011
0011011111
1001011111
1110011010
0101111000
0001110000
0011010001
10 10 7
0000101
1011110
0000001
1011111
0010001
1011110
1011111
1011011
0001001
1011111
0010001
1011011
1000101
0100101
1011110
0001001
0010101
0000001
0000101
1011111
9 10 8
11001001
00110100
00110010
01100001
00010110
11010000
11001001
01101101
00011001
01101011
01000010
10010011
11000010
01100000
10110010
10101000
11001000
01001101
01010101
10 10 5
00000
00101
11010
00010
11110
11010
00000
10110
11010
01001
01000
10110
00010
00000
11010
00100
10000
11110
01001
00101
10 10 10
0000101100
0000101100
0000101100
0000101100
0000101100
0000101100
0000101100
0000101100
0000101100
0000101100
0010010010
1001011111
0010100001
0011110011
1100011000
0110110001
0010110001
1001001110
0011100101
0110101110
1 10 10
1110111011
1000110111
1101010010
1011011101
1100100100
1010111011
1011000111
1110111011
1010100100
0111001011
0110100100
1 1 10
1111111111
1111111111
10 10 4
0111
0100
1100
0110
0111
1101
1101
1101
1000
1100
0101
0100
1000
1100
1101
0111
1111
0110
0011
0000
10 10 7
1101111
1111101
1101100
1101101
0010010
1111100
1111111
1101000
1111110
1111111
1101111
1101000
1111111
1101101
1111101
1101100
0010010
1111100
1111110
0101111
10 10 4
1111
1111
1111
1111
1111
1111
1111
1111
1111
1111
0101
1011
0110
1101
1010
1111
1001
0111
0011
1110
10 10 9
100001010
101001101
100110110
100001010
110000010
100011010
001111011
110111110
100111011
001001001
100111011
110111110
100001010
100110110
110000010
001111011
001001001
101001101
100011010
000001010
10 10 9
010011111
000010110
000001110
000001110
000000110
000011110
000011110
010011110
010011100
000011110
000001110
000011111
010011100
110011111
010011110
011011111
000000110
010011111
000011110
000010110
10 10 5
11010
01010
10010
01010
10010
10010
10010
10010
01000
01010
11110
01000
01010
10010
11000
01110
01011
11010
00010
11011
10 10 4
0110
0010
0100
1100
1011
0110
0111
0001
0011
1001
1011
0111
0100
0011
1001
1110
0001
0010
0110
1100
10 10 6
100101
011110
100101
111110
011110
000101
011110
011010
100100
011110
100101
100100
011110
110101
101101
000101
111110
100001
100111
011010
10 10 8
10110000
11101111
11001011
10010000
01001111
00010110
01011000
10011100
11011010
00101011
11011010
10110000
01011000
10011100
00101011
01001111
11101111
10010000
11001011
00010110
10 10 8
11011000
11110000
11010000
01010000
11010010
11010000
11010010
11010010
11010000
11110000
11001000
01011000
10011000
01010000
11011000
11110000
11011100
11010010
11010000
11111000
10 10 6
111100
010110
111100
111100
111100
111100
010010
010110
111100
010110
111110
110110
111101
010110
111100
011100
111000
110100
010010
101100
10 10 5
01010
11101
10111
11101
01010
10100
01100
11101
01101
00010
01010
10111
11010
01101
01100
01000
11101
01110
00010
10100
10 3 2
01
01
00
00
10
01
10
00
01
00
01
10
00
10 10 5
00111
00101
01110
01011
01111
01111
01111
00111
00110
10111
00101
01101
00110
01110
10101
00011
00111
10111
01011
01111
10 10 4
0000
1011
0000
1011
0000
0000
1011
0000
0000
0000
1111
1011
0010
1000
0100
0001
1010
0000
0011
1001
10 10 9
100111110
101010110
011010100
010000110
000101111
010111111
000001000
100001000
110010101
110111100
110010101
000001000
100001000
100111110
010000110
010111111
011010100
000101111
110111100
101010110
10 10 5
11111
01011
11010
01011
11001
11011
11011
01011
11110
00011
11111
01111
10111
00011
11101
01011
11110
11010
11011
11001
10 1 1
1
0
0
1
1
0
1
0
0
0
1
1 1 4
0000
0000
10 10 5
00000
00100
11110
10100
11110
00110
11111
10111
10001
00101
00110
00000
10000
10111
00100
10001
11111
11110
10100
00101
10 10 10
0110000001
0100000000
1000001011
0000000010
0100110110
0001011110
1010010111
1101111101
0111011101
1110000100
1011101101
1110010111
0100001000
1010001100
1001100010
0000011010
0010111010
1011111110
1011011110
1001110000
10 10 7
0011100
0101000
1101011
0100101
0100110
0100010
0110111
0011001
0010010
1010000
0100010
0011100
0010010
0100110
0101000
0110111
0011001
1101011
1010000
0100101
10 10 10
1001000000
1100101001
0011101101
0001000011
1110110000
0010101101
0110101011
0011111011
1110011010
1100111100
0100010101
1111011010
1101111011
0111011110
0000011010
1001000101
0110111000
1100011011
1001101101
0011011101
7 8 10
1011001100
0001101101
1010110000
0001001010
0011011110
1001001001
1010101010
1011011000
1000011100
0100111101
0000111011
0100111011
1100001010
0101011000
1001000111
10 10 8
01111111
00111111
11001000
01011100
00110100
10001101
01010001
11111010
10100110
10101100
01111111
01010001
00111111
01011100
11111010
10101100
11001000
10001101
10100110
00110100
10 10 10
0101011001
0101100010
0101011101
1101001010
1001110010
0100111011
1110010011
0111101100
1100000010
0100000111
1010101100
1110011000
0010000001
0010010101
1011001000
1111011101
0111110001
1001101101
0011000000
1111000010
1 10 10
1100101001
0111100011
1000010010
0101001110
1100101001
0100110001
1011111101
0101100100
0110000110
1010110101
0110001011
10 10 10
1111110001
0001001110
1110011001
0110111100
0111000011
0010101011
1111011111
1001110110
0010111010
0010101100
1001000100
1011100111
0000101010
1000011110
0001101110
0010110001
0110101110
1111110111
1101011010
1110010010
10 10 4
1110
0011
1110
0011
1110
1001
1000
1100
0111
1111
1010
0110
0111
1110
1000
1001
1100
1111
1011
0011
10 10 9
010001001
000100110
110111100
101000111
101111101
110101111
001110100
111001010
000101100
000100011
001110100
111001010
101111101
110101111
000100011
110111100
010001001
000101100
101000111
000100110
10 10 6
100100
110011
110010
110000
010100
100010
110010
100000
110100
110111
100100
110011
100010
100000
010100
000100
110010
110111
110100
110000
10 10 6
000011
000000
100111
000001
100111
100011
100011
000011
000001
001001
100111
000011
001011
010011
001001
000111
100011
000000
000001
000010
10 10 5
10111
01110
10110
10100
11111
10111
01110
01010
10101
11110
10101
11111
11110
10100
01010
01110
00111
10111
10110
10011
10 10 9
000110011
111110000
100010110
001000111
101011011
001100100
110101000
011110110
010111011
100110000
011110110
000110011
100010110
001100100
111110000
010111011
001000111
110101000
100110000
101011011
10 10 5
10000
10010
11101
00110
00010
10111
01110
11011
00001
10110
11011
00010
10111
11101
10000
00001
10010
10110
00110
01110
10 10 6
110110
011001
001000
010000
110011
111100
111110
011001
111101
101101
111110
001000
110110
010110
111101
111100
110011
010000
101101
011001
9 10 7
0001010
0010100
1001001
1011111
1100010
1111100
1110001
0000111
1101101
1001111
0011101
1100001
0100100
0011011
1100110
0111111
0100010
0000100
1000010
1 1 1
1
1
10 10 5
00100
11110
11010
10000
01110
01111
11100
00001
00101
01001
01101
10001
10101
10011
11001
01011
11110
11010
00110
11101
10 10 5
11011
10010
10010
11111
11010
10010
10010
10000
11111
10010
10110
00010
10011
11001
01011
11010
11011
10010
10000
11111
10 10 9
111010100
111010100
101010100
111010100
111010100
111010100
101010100
111010100
111010100
111010100
111010100
011010100
111011100
101010100
111010110
111010101
110010100
111000100
111010000
111110100
10 10 9
101001000
101001000
101001000
101001000
101001000
101001000
101001000
101001000
101001000
101001000
101000000
101001001
111001000
101001100
101001010
101011000
100001000
101001000
101101000
001001000
10 10 6
111011
010011
110011
101011
000001
010001
010000
010001
001001
000001
110011
010001
111111
011011
111011
101011
010011
010000
000001
001001
10 10 10
0001000001
0010001010
0001000001
1010001010
0010001010
1010001010
0011000001
0101000001
0010001011
0010001011
0000101011
1111111100
1010010001
1110010100
0001011110
0000100001
1110011000
0000101110
0111110101
1011101111
