100
3
2 2 2 2 2 2 2 3 3
2 2 2 2 2 2 2 2 2
3
2 2 2 2 2 2 2 3 3
2 2 2 2 2 2 2 2 3
3
14379 461794 377138 278007 773538 327295 88028 886315 54251
245547 732477 835152 847056 22130 863591 548895 121516 716407
3
536456 410356 676003 390036 592545 110925 406736 791446 550852
173690 900945 791759 871320 217164 925806 85445 474266 719554
3
587748 598340 591680 598051 594800 587222 597038 593396 593292
591549 591538 606194 602735 590266 582202 597204 579929 599952
3
994930 996033 994972 979126 1000000 1000000 994096 990509 991738
985118 1000000 997898 982413 996930 984604 991544 1000000 1000000
3
3 2 1 1 2 2 1 4 2
4 1 2 1 2 1 2 2 1
3
192243 189533 196919 189966 191963 191006 189749 190281 193404
190284 191165 190214 189723 191422 191850 190607 193619 196180
3
637149 767811 702363 50080 468811 746473 857543 974948 24643
659502 9840 645975 494646 128751 902438 420104 186106 428417
3
159266 430793 80401 148817 722085 723716 980096 717495 427593
295008 885246 717418 207561 735231 84117 527997 494045 71407
3
98639 497323 653185 809661 300529 316446 125760 164728 618636
688315 312918 764688 266624 996241 581157 206756 659305 983215
3
678514 696189 682910 683119 692580 682798 685861 683336 680107
678885 688046 690018 695162 680288 682382 685383 679801 685451
3
2 2 2 2 2 2 3 3 3
2 2 2 2 3 3 3 3 3
3
98963 98801 99659 99177 98906 99879 97880 100250 99135
98434 99929 98799 98014 100204 99313 98083 100268 99606
3
647925 415969 555563 807013 399702 797961 572128 522417 75885
193527 746855 526251 329517 597899 483666 114060 670390 23836
3
2 1 5 2 3 3 2 1 2
2 3 3 3 1 2 4 2 3
3
383797 170578 846524 961172 943577 373913 747049 975237 713988
311141 293977 404252 334202 128231 319086 258540 899620 215158
3
724663 343018 764713 495153 661455 276962 819804 213118 533958
287074 677243 449267 78391 869120 821407 117037 66261 667475
3
149888 857398 665369 109466 941496 630993 927374 935741 114476
467664 245488 577189 828270 805150 387417 515686 884137 421558
3
769347 253785 502790 939452 946741 114489 312156 571036 350940
6546 442183 643553 832915 552305 955652 481270 721034 375003
3
171837 118333 261234 293311 283914 755176 12756 140350 41831
312853 649221 509664 209138 923416 756828 234702 825942 190758
3
736416 560920 926028 818605 232744 240824 583636 920813 20188
229668 965390 804782 514048 208668 425315 820454 22086 676871
3
40396 34795 10203 851784 287521 26205 195132 452266 916317
76329 26125 626761 487580 138452 566975 657969 919188 925448
3
3 5 1 4 1 3 6 5 5
7 5 3 1 2 2 2 4 2
3
123943 202645 982383 774249 238455 205486 4566 319678 952601
316908 403727 915886 515031 125757 312471 353082 120174 31123
3
232113 925579 492532 748757 282300 874963 252647 59076 669481
248642 389875 330946 14446 149373 960551 853929 563132 935639
3
596524 289871 330801 503573 641010 428398 140915 488639 851491
215002 881047 878797 688386 996015 318204 16489 938284 233799
3
5 3 2 4 8 5 3 3 2
1 3 5 6 4 4 4 5 5
3
960871 261312 266130 575941 426062 544033 488148 950623 834125
397611 16721 800865 152497 282686 995575 902496 33641 198939
3
990658 649399 664443 800241 174265 697016 393395 458664 798556
395992 170212 967945 910962 666245 312368 562551 403822 375464
3
2 2 2 2 2 2 3 3 3
2 2 2 2 2 3 3 3 3
3
495359 741252 909515 961761 611497 479556 365473 741774 211959
350267 911954 384964 838522 902758 871575 644052 898979 685915
3
568879 563251 563566 563248 555258 553413 561234 563715 557736
560762 559279 573405 562045 561601 550894 562510 566359 553445
3
325467 320822 322729 325048 326046 315533 323775 323200 318532
319556 322773 322830 325399 323171 325459 315216 321744 325004
3
384253 888117 389977 134505 274252 379604 672410 145122 998210
451951 271099 182995 100158 177487 372993 269479 679490 666575
3
325862 325705 334371 333544 334226 333663 331875 334390 327289
331258 328190 330677 332338 327464 337402 331856 329028 332712
3
611369 565045 235223 747960 313567 595242 299084 551402 300295
971084 239106 155608 665213 348983 146616 569023 920945 711142
3
1 1 2 1 2 1 1 1 1
1 1 1 2 2 1 1 1 1
3
763076 601565 656398 657445 940630 159936 784191 88705 865185
533966 79791 308689 405016 386260 979012 65434 312708 582976
3
365403 365127 369242 371234 370711 369251 376122 370293 370162
367655 372007 365904 369123 372772 373136 369027 367110 370813
3
766571 773095 772901 755567 767063 778877 758319 768850 760264
763530 762871 769079 774303 771871 759189 763845 771307 765512
3
6 5 5 6 4 4 3 7 1
2 4 8 6 5 5 4 4 8
3
1 5 3 1 1 2 3 2 2
3 2 2 3 2 1 3 2 2
3
851595 666667 201362 236429 371298 494494 400792 295454 689355
888069 162024 417902 808583 241293 248574 312795 894085 888204
3
851757 922893 279429 413432 794368 599296 63580 319274 940717
605991 221629 334781 266110 877645 987959 770085 51307 337626
3
782263 32332 898040 140773 579588 863605 443815 594761 910678
99300 254310 882916 902185 803375 918234 206483 466156 945960
3
184728 185325 184881 185430 184171 185891 184824 185381 183680
183442 186180 186621 182664 187743 185226 185574 184991 181870
3
910911 746005 534047 149813 879184 856463 302281 221988 790662
790553 87594 906809 622189 13662 17294 699850 77578 490921
3
673332 735417 281617 96202 162153 879682 417317 540248 199257
468 887617 235874 553836 767097 569089 104839 867358 728657
3
5 3 3 3 1 3 4 9 4
2 2 6 4 3 2 4 6 3
3
522797 531315 530465 519292 516818 520278 535815 532661 528458
525895 524664 520957 521442 531030 529151 525615 539803 519340
3
958108 953772 957219 968354 965287 955061 949708 946841 951797
967538 956195 969316 960393 949820 965029 942239 950102 945518
3
695011 698445 702546 704313 699666 691735 695312 698403 696764
700171 690400 684767 706490 693656 707385 693508 707816 698001
3
2 5 5 4 6 5 6 6 5
7 2 4 5 3 8 7 2 3
3
740317 791224 972212 903495 142932 413601 440626 358157 752674
226895 836819 549727 986810 204532 628806 389932 348622 985258
3
752462 76567 609773 904166 894760 108178 941888 181528 841211
149558 503629 207216 766922 382980 684210 463719 768410 776065
3
400846 402832 405389 404663 399752 402176 404331 399537 404373
398525 407339 405415 400345 402851 395841 409448 399042 405094
3
441101 11333 572436 718406 225742 397408 736762 898450 495172
206810 759171 365364 111121 861754 242976 668972 621263 543534
3
7 5 1 1 2 1 8 2 3
5 4 3 2 3 2 2 8 2
3
213389 220408 67250 689366 817590 153292 522474 319435 122104
354645 936206 532646 674489 839734 5438 153888 662036 189800
3
1 2 2 3 2 3 2 1 2
2 1 4 2 3 1 2 2 2
3
789225 357445 132731 280920 48530 396365 970840 614764 846189
307871 224609 292391 511120 564588 70111 450169 166665 617933
3
513942 951666 786440 750062 897975 159297 463754 981505 391667
46686 544832 624455 71250 493142 553004 740392 357512 748644
3
236613 201745 951676 210592 166461 453413 822538 368636 39798
22866 138557 971730 954142 796307 579352 885036 708151 405614
3
2 2 3 4 1 1 3 2 2
1 3 3 1 3 2 6 1 1
3
633461 617015 630457 620635 614984 630549 642865 625841 636314
629492 626922 629144 628704 626215 637327 627015 620230 627072
3
3 6 6 4 4 2 6 3 4
5 6 5 5 4 7 3 5 2
3
324400 331490 318061 328948 322371 324651 331649 327047 321885
322642 323962 328700 325429 328252 327953 323773 325831 323963
3
685687 578398 736321 313286 403400 617179 502616 227095 136277
957044 313448 173375 874674 61561 29784 367438 139169 398385
3
4 3 4 1 2 5 4 2 5
2 4 3 5 2 2 4 2 4
3
3 5 4 2 3 2 2 5 4
6 2 3 5 3 3 4 2 1
3
920860 931293 941282 935308 915783 928961 935741 932833 934597
938376 952850 899752 922157 937457 922877 918050 941961 943184
3
1 3 1 3 3 1 2 1 3
2 1 1 1 1 1 1 2 2
3
430338 322870 965280 895469 891534 741620 930268 434103 516048
897673 262741 805654 670273 851657 620898 805950 89426 197511
3
706470 708339 720014 706682 729212 707146 718346 700191 718606
714902 712379 712953 702871 712250 711654 715803 707783 724415
3
3 4 2 1 5 4 6 5 3
3 1 4 1 2 4 3 2 6
3
2 4 2 3 3 3 3 4 6
3 4 2 3 2 3 4 7 2
3
4 3 3 2 5 4 2 4 3
2 2 3 4 1 4 4 5 5
3
4 1 2 2 2 4 3 3 2
5 3 1 2 2 5 1 2 2
3
675641 672824 680436 665573 676122 677730 666154 665501 656761
675418 665002 672250 674223 672278 672776 669611 670803 664378
3
1 2 3 4 5 4 2 3 3
2 7 2 2 3 4 2 3 2
3
3 4 3 2 4 1 2 2 1
2 2 2 2 1 3 4 1 3
3
838445 827969 836159 832605 850758 825510 825953 827857 824155
817795 835979 834209 838111 831133 821960 836789 845819 827616
3
163827 162231 163339 165373 163060 163809 165043 162879 166564
163616 165859 163008 165594 162433 163664 162396 163343 166212
3
642871 626501 631799 630077 628982 631954 631126 636153 631711
632067 637931 625015 632836 637414 629957 630406 638182 627361
3
5 1 4 1 3 2 2 3 1
2 1 3 2 3 4 5 3 3
3
700152 703777 693728 692845 710271 709828 701477 712477 706429
704986 707920 698527 716826 703024 705047 705655 691587 697410
3
404151 894434 235947 131804 275795 381672 113599 845203 930032
395634 307615 361502 704254 152189 615403 289595 976058 391534
3
611104 718319 370476 957465 906876 641581 190564 806502 116597
401698 482927 236194 438734 698686 273356 626071 646490 649074
3
282042 281252 64142 573895 723280 472287 627259 67692 453435
663853 240004 619784 111429 950482 979258 681106 663076 173800
3
5 2 1 1 1 1 2 1 1
2 2 3 2 1 1 3 2 1
3
9 9 9 9 9 9 9 9 9
9 9 9 9 9 9 9 9 9
3
3 1 2 2 7 4 3 3 3
2 6 4 2 2 3 3 4 3
3
94118 212246 657240 19714 455565 100440 214261 13965 200216
758768 791967 433915 21828 3872 474922 206473 818384 258953
3
737322 356119 995242 78503 696624 589850 820582 508607 979718
163281 463226 979048 382780 586452 328475 555753 261721 965363
3
412503 419930 414221 410749 411677 415637 412666 417431 415639
416039 411131 414953 416790 417151 409878 409720 417444 417346
3
367557 701742 801450 497991 81007 831635 290020 893681 130733
828028 271827 846567 67240 295895 635862 985109 856032 432377
3
453385 311248 532278 306625 246818 170527 310870 710805 764741
424444 565139 878781 339701 235030 932222 662557 264543 33026
3
261030 429482 683596 955345 490522 140183 479836 132985 527764
136763 808880 351701 379062 144874 643067 767030 776869 356282
3
861617 262694 891705 591063 464165 181890 551508 760658 232512
541095 241427 477750 235671 548789 965803 708696 563452 624032
